1740559451335 0.00041675 0
1740559522837 0.000821859339 1
1740559585977 0.001198102906 2
1740559654422 0.0015004667 3
1740559714732 0.0014449556000000001 4
1740559775025 0.0013894445 5
1740559830099 0.0013339334000000002 6
1740559889686 0.0012784222999999999 7
1740559949621 0.0012229112000000002 8
1740560008193 0.0011674001 9
1740560066930 0.001111889 10
1740560126286 0.0010563779 11
1740560185159 0.0010008667999999998 12
1740560246364 0.0009453557 13
1740560306135 0.0008898446 14
1740560366401 0.0008343335 15
1740560424702 0.0007788224 16
1740560483368 0.0007233113 17
1740560542286 0.0006678002 18
1740560600694 0.0006122891 19
1740560683755 0.0005567780000000001 20
1740560740070 0.0005012669000000001 21
1740560798014 0.00044575580000000005 22
1740560856323 0.00039024469999999995 23
1740560913530 0.0003347335999999999 24
1740560971202 0.00027922249999999993 25
1740561028447 0.00022371139999999995 26
1740561086611 0.00016820029999999996 27
1740561145147 0.00011268919999999996 28
1740561203887 5.717809999999999e-05 29
