1740559451335 1.40823 0
1740559522837 1.23495 1
1740559585977 1.2355 2
1740559654422 1.25323 3
1740559714732 1.19404 4
1740559775025 1.15827 5
1740559830099 1.15262 6
1740559889686 1.1769 7
1740559949621 1.12094 8
1740560008193 1.12552 9
1740560066930 1.11333 10
1740560126286 1.09157 11
1740560185159 1.06795 12
1740560246364 1.07514 13
1740560306135 1.06834 14
1740560366401 1.06609 15
1740560424702 1.05204 16
1740560483368 0.99008 17
1740560542286 0.99887 18
1740560600694 0.98296 19
1740560683755 0.97125 20
1740560740070 0.95408 21
1740560798014 0.93787 22
1740560856323 0.91974 23
1740560913530 0.90072 24
1740560971202 0.90078 25
1740561028447 0.88631 26
1740561086611 0.86946 27
1740561145147 0.85892 28
1740561203887 0.83984 29
