1740559451335 3.44799 0
1740559522837 1.91534 1
1740559585977 1.61952 2
1740559654422 1.43888 3
1740559714732 1.24174 4
1740559775025 1.10297 5
1740559830099 0.99928 6
1740559889686 0.88806 7
1740559949621 0.82159 8
1740560008193 0.78948 9
1740560066930 0.74654 10
1740560126286 0.71412 11
1740560185159 0.68097 12
1740560246364 0.65931 13
1740560306135 0.63772 14
1740560366401 0.61721 15
1740560424702 0.60773 16
1740560483368 0.57229 17
1740560542286 0.57866 18
1740560600694 0.55181 19
1740560683755 0.52424 20
1740560740070 0.50821 21
1740560798014 0.48959 22
1740560856323 0.479 23
1740560913530 0.46863 24
1740560971202 0.46067 25
1740561028447 0.45147 26
1740561086611 0.4329 27
1740561145147 0.42667 28
1740561203887 0.41501 29
