1740559451335 1.11755 0
1740559522837 1.07767 1
1740559585977 1.07785 2
1740559654422 1.1106 3
1740559714732 1.0879 4
1740559775025 1.06546 5
1740559830099 1.05853 6
1740559889686 1.06364 7
1740559949621 1.03305 8
1740560008193 1.04422 9
1740560066930 1.04238 10
1740560126286 1.02415 11
1740560185159 1.01356 12
1740560246364 1.01079 13
1740560306135 0.99325 14
1740560366401 1.00704 15
1740560424702 1.00803 16
1740560483368 0.97935 17
1740560542286 0.99967 18
1740560600694 0.97698 19
1740560683755 0.97564 20
1740560740070 0.97377 21
1740560798014 0.96255 22
1740560856323 0.96345 23
1740560913530 0.95751 24
1740560971202 0.95558 25
1740561028447 0.94993 26
1740561086611 0.93949 27
1740561145147 0.93668 28
1740561203887 0.92999 29
