1740559479676 0.15838 0
1740559551190 0.04201 1
1740559619384 0.49273 2
1740559680163 0.44757 3
1740559740479 0.55998 4
1740559799019 0.59735 5
1740559854612 0.64408 6
1740559915302 0.61133 7
1740559973815 0.62431 8
1740560032518 0.64651 9
1740560091359 0.62771 10
1740560150569 0.70004 11
1740560211284 0.69373 12
1740560271698 0.70021 13
1740560328490 0.66774 14
1740560390455 0.72914 15
1740560448901 0.70598 16
1740560507833 0.72847 17
1740560566435 0.74531 18
1740560624845 0.74204 19
1740560706114 0.74552 20
1740560763774 0.75054 21
1740560822107 0.72759 22
1740560879586 0.76273 23
1740560937232 0.75965 24
1740560994363 0.75125 25
1740561052058 0.77491 26
1740561110545 0.77017 27
1740561169411 0.77028 28
1740561227989 0.77606 29
1740561235006 0.7754980636068576 29
