1740559479676 0.24706 0
1740559551190 0.06812 1
1740559619384 0.83175 2
1740559680163 0.73155 3
1740559740479 0.89473 4
1740559799019 0.93246 5
1740559854612 0.9516 6
1740559915302 0.97647 7
1740559973815 0.98673 8
1740560032518 0.98302 9
1740560091359 0.98396 10
1740560150569 0.98984 11
1740560211284 0.98535 12
1740560271698 0.98993 13
1740560328490 0.98983 14
1740560390455 0.98963 15
1740560448901 0.99002 16
1740560507833 0.99104 17
1740560566435 0.99216 18
1740560624845 0.99074 19
1740560706114 0.99183 20
1740560763774 0.99104 21
1740560822107 0.9894 22
1740560879586 0.99021 23
1740560937232 0.9913 24
1740560994363 0.99104 25
1740561052058 0.99074 26
1740561110545 0.99119 27
1740561169411 0.99182 28
1740561227989 0.99157 29
1740561235006 0.991555132030809 29
