1740559479676 0.0034 0
1740559551190 0.06878 1
1740559619384 0.968 2
1740559680163 0.93474 3
1740559740479 0.89245 4
1740559799019 0.75388 5
1740559854612 0.89903 6
1740559915302 0.94433 7
1740559973815 0.98006 8
1740560032518 0.9555 9
1740560091359 0.9694 10
1740560150569 0.95392 11
1740560211284 0.97841 12
1740560271698 0.98929 13
1740560328490 0.98371 14
1740560390455 0.98624 15
1740560448901 0.98379 16
1740560507833 0.98628 17
1740560566435 0.99053 18
1740560624845 0.98571 19
1740560706114 0.99005 20
1740560763774 0.98955 21
1740560822107 0.98317 22
1740560879586 0.98555 23
1740560937232 0.98912 24
1740560994363 0.9851 25
1740561052058 0.98571 26
1740561110545 0.99109 27
1740561169411 0.98606 28
1740561227989 0.98791 29
1740561235006 0.9878905848174724 29
