1740559479676 0.98318 0
1740559551190 0.15093 1
1740559619384 0.15709 2
1740559680163 0.46352 3
1740559740479 0.75788 4
1740559799019 0.78045 5
1740559854612 0.96354 6
1740559915302 0.9292 7
1740559973815 0.99275 8
1740560032518 0.94857 9
1740560091359 0.97891 10
1740560150569 0.97507 11
1740560211284 0.98408 12
1740560271698 0.99067 13
1740560328490 0.98658 14
1740560390455 0.99456 15
1740560448901 0.99442 16
1740560507833 0.99546 17
1740560566435 0.99584 18
1740560624845 0.98503 19
1740560706114 0.9973 20
1740560763774 0.98942 21
1740560822107 0.99694 22
1740560879586 0.9973 23
1740560937232 0.99689 24
1740560994363 0.99259 25
1740561052058 0.99564 26
1740561110545 0.99564 27
1740561169411 0.99466 28
1740561227989 0.99493 29
1740561235006 0.9949414317607843 29
